0.035107 0.044235 0.036011 0.052432 0.996293 0.995323 0.996202 0.994456 0.158835 0.156455 0.158122 0.153518 0.982447 0.977883 0.981995 0.973784 2.086178 2.118754 2.089083 2.146798 
0.042315 0.045607 0.042103 0.066333 0.989324 0.988364 0.989377 0.983085 0.290375 0.286692 0.290063 0.281780 0.978843 0.977196 0.978948 0.966834 1.593378 1.602165 1.593229 1.665272
0.067227 0.066238 0.047479 0.090672 0.987032 0.987233 0.991011 0.982523 0.230114 0.229380 0.233693 0.221547 0.966387 0.966881 0.976261 0.954664 1.924445 1.922270 1.866226 1.993204
0.059314 0.086011 0.054132 0.070475 0.975728 0.964744 0.978124 0.971089 0.256582 0.245778 0.256021 0.250552 0.970343 0.956995 0.972934 0.964762 1.691196 1.770510 1.682320 1.728221
0.069774 0.112611 0.110452 0.144499 0.986829 0.977974 0.978524 0.971721 0.197955 0.192210 0.189765 0.178690 0.965113 0.944460 0.945151 0.927751 1.975628 2.070019 2.075185 2.157257
0.109034 0.186145 0.129622 0.134807 0.929055 0.878462 0.916028 0.911962 0.314065 0.277840 0.304724 0.301873 0.945577 0.907587 0.935189 0.932691 1.614260 1.781795 1.664839 1.673626
0.124090 0.132688 0.109524 0.187416 0.962869 0.960323 0.967337 0.943959 0.173701 0.170590 0.178745 0.153892 0.937955 0.933656 0.945238 0.907045 2.099084 2.121318 2.063288 2.244419
0.114286 0.193136 0.125280 0.127886 0.977727 0.962356 0.975586 0.975072 0.135815 0.115669 0.133239 0.133173 0.942857 0.903809 0.937360 0.936057 2.291112 2.475376 2.319526 2.324566
0.064286 0.084810 0.071359 0.099287 0.975301 0.967163 0.972676 0.961581 0.251940 0.241936 0.248051 0.237138 0.967857 0.957595 0.964321 0.950357 1.771110 1.830595 1.791173 1.870027
0.139860 0.231243 0.162704 0.187456 0.979148 0.965353 0.975863 0.971920 0.123506 0.105639 0.118632 0.113616 0.930070 0.888166 0.919580 0.907219 2.365757 2.543615 2.418871 2.468988
0.072199 0.097874 0.097689 0.129722 0.934944 0.911596 0.913026 0.882769 0.346912 0.331514 0.329059 0.312975 0.964087 0.951628 0.951436 0.936174 1.392089 1.460952 1.467751 1.537293
0.138766 0.261176 0.164557 0.169684 0.979112 0.960688 0.975248 0.974459 0.122411 0.099593 0.115407 0.114279 0.931672 0.879627 0.918143 0.915799 2.364205 2.597630 2.427955 2.436924
0.080645 0.149422 0.152829 0.191078 0.985172 0.972102 0.971272 0.964338 0.156812 0.140349 0.138718 0.127213 0.959677 0.927081 0.924290 0.905894 2.136484 2.305712 2.313803 2.397414
0.097409 0.158040 0.105322 0.117365 0.974185 0.957771 0.972075 0.968640 0.164424 0.146428 0.162614 0.159463 0.951296 0.921168 0.947339 0.941318 2.090118 2.239704 2.112825 2.140463
0.090142 0.113306 0.099891 0.145514 0.988147 0.985132 0.986887 0.980907 0.138478 0.131877 0.135651 0.124792 0.954929 0.943493 0.950127 0.927462 2.289028 2.353067 2.316009 2.431919
0.099020 0.153732 0.105812 0.124285 0.979219 0.967798 0.977901 0.973967 0.146932 0.131501 0.145257 0.139791 0.950490 0.923134 0.947094 0.937857 2.190186 2.330211 2.210902 2.257959
0.073794 0.094515 0.065351 0.092299 0.977981 0.971489 0.980567 0.972183 0.300154 0.294614 0.302083 0.293151 0.963103 0.952742 0.967325 0.953850 1.713809 1.764492 1.692399 1.760751
0.064916 0.089047 0.038725 0.055363 0.992278 0.989405 0.995437 0.993412 0.197607 0.190384 0.202793 0.198008 0.967542 0.955759 0.980637 0.972318 1.976888 2.043212 1.893172 1.948249
0.101094 0.127006 0.107827 0.164204 0.980195 0.975246 0.979074 0.967999 0.144256 0.136888 0.141830 0.127312 0.949453 0.936497 0.946087 0.918039 2.208381 2.276607 2.229775 2.365957
0.115056 0.189464 0.144048 0.163618 0.965724 0.943495 0.957286 0.951204 0.170073 0.146537 0.160862 0.155987 0.942472 0.906398 0.928910 0.919603 2.097424 2.270297 2.170672 2.210598
0.063434 0.114784 0.076057 0.077266 0.989572 0.980871 0.987411 0.987120 0.180938 0.167568 0.177447 0.176510 0.968283 0.942608 0.961971 0.961367 2.037222 2.176646 2.076771 2.073877
0.113305 0.164960 0.109244 0.134666 0.961945 0.944580 0.963516 0.954744 0.193895 0.175672 0.193615 0.185067 0.943347 0.917520 0.945378 0.932667 1.993461 2.116895 1.987105 2.047556
0.133772 0.154018 0.104950 0.178253 0.956382 0.948750 0.966422 0.940839 0.190380 0.183446 0.198441 0.179113 0.933114 0.922991 0.947525 0.910874 2.042966 2.080823 1.978857 2.125321
0.087535 0.135301 0.081373 0.090248 0.982575 0.973071 0.983957 0.982033 0.158878 0.143633 0.159943 0.157660 0.956232 0.932349 0.959314 0.954876 2.161062 2.288401 2.146030 2.167888
0.062041 0.105075 0.100056 0.121709 0.991000 0.984798 0.985507 0.982391 0.142218 0.129833 0.131292 0.125560 0.968979 0.947571 0.949972 0.939200 2.186341 2.316767 2.302647 2.359963
0.070098 0.114046 0.092787 0.118918 0.980999 0.969182 0.974947 0.967863 0.201376 0.188570 0.195546 0.187556 0.964951 0.944013 0.954634 0.941953 1.927995 2.045962 1.988534 2.056544
0.101050 0.115811 0.092507 0.144411 0.962436 0.956709 0.965682 0.946027 0.210475 0.204083 0.213318 0.193874 0.949475 0.942094 0.953746 0.927795 1.936276 1.972459 1.911848 2.041222
0.083655 0.139843 0.099743 0.110381 0.987292 0.978392 0.984708 0.982943 0.163647 0.151146 0.160063 0.158137 0.958172 0.930187 0.950129 0.944810 2.150864 2.285131 2.190878 2.214613
0.100070 0.134454 0.116807 0.165313 0.965443 0.953660 0.959740 0.943017 0.203480 0.192739 0.196751 0.180122 0.951949 0.937628 0.943820 0.921286 1.935217 2.013853 1.980791 2.091212
0.129412 0.196125 0.140082 0.177163 0.979524 0.968788 0.977734 0.971805 0.126338 0.110766 0.123523 0.115066 0.935294 0.902676 0.930141 0.911972 2.339410 2.487502 2.365176 2.447849
0.121218 0.134736 0.128151 0.197585 0.968191 0.964694 0.966443 0.948230 0.157897 0.152887 0.155059 0.135841 0.939484 0.932632 0.935924 0.901867 2.128085 2.162523 2.147327 2.298706
0.055459 0.094517 0.093396 0.115378 0.992330 0.986874 0.987023 0.983976 0.151887 0.141564 0.141970 0.135835 0.972270 0.952742 0.953379 0.942466 2.129352 2.248705 2.246153 2.304268
0.072199 0.069275 0.039286 0.091660 0.993086 0.993358 0.996274 0.991211 0.244701 0.244623 0.250277 0.238543 0.963901 0.965363 0.980357 0.954170 1.967420 1.959285 1.864140 2.020056
0.059454 0.082621 0.044048 0.055505 0.994397 0.992223 0.995891 0.994776 0.152883 0.148193 0.157100 0.154001 0.970273 0.958689 0.977976 0.972248 2.174442 2.241381 2.120134 2.160929
0.067927 0.068004 0.044048 0.090530 0.992945 0.992930 0.995474 0.990589 0.203012 0.201943 0.206322 0.195803 0.966036 0.965998 0.977976 0.954735 2.078344 2.079065 2.001233 2.143033
0.059664 0.080220 0.041877 0.058541 0.990805 0.987613 0.993602 0.990960 0.158846 0.153288 0.162387 0.158616 0.970168 0.959890 0.979062 0.970729 2.118059 2.181893 2.060205 2.112509
0.048249 0.062001 0.059944 0.087211 0.991167 0.988513 0.988927 0.983846 0.166430 0.163206 0.164158 0.156287 0.975875 0.968999 0.970028 0.956394 2.012105 2.054152 2.047763 2.129479
0.052451 0.079726 0.059244 0.071111 0.986881 0.979754 0.984959 0.981942 0.221972 0.214805 0.222042 0.217662 0.973775 0.960137 0.970378 0.964445 1.854234 1.932383 1.869296 1.905627
0.073039 0.085022 0.053992 0.088694 0.988658 0.986771 0.991710 0.986200 0.188165 0.184601 0.191838 0.183220 0.963480 0.957489 0.973004 0.955653 2.085409 2.120090 2.029492 2.131404
0.061905 0.070122 0.032283 0.067439 0.994891 0.994219 0.997356 0.994441 0.149889 0.147876 0.156708 0.148478 0.969048 0.964939 0.983859 0.966281 2.190812 2.216457 2.087181 2.207845
0.058333 0.058047 0.033333 0.069981 0.991790 0.991836 0.995391 0.990157 0.129504 0.129432 0.134431 0.126630 0.970833 0.970977 0.983333 0.965010 2.244892 2.244383 2.161116 2.282662
0.067577 0.096674 0.065756 0.085305 0.988245 0.983224 0.988751 0.985196 0.144065 0.135777 0.143303 0.139120 0.966211 0.951663 0.967122 0.957348 2.189914 2.278479 2.191127 2.246140
0.093627 0.096886 0.074720 0.132759 0.967519 0.966154 0.974623 0.953639 0.224134 0.222061 0.228573 0.208383 0.953186 0.951557 0.962640 0.933621 1.870353 1.878535 1.823947 1.970539
0.072059 0.097310 0.052311 0.074147 0.971067 0.960679 0.979485 0.970015 0.329696 0.318733 0.335916 0.328304 0.963971 0.951345 0.973845 0.962926 1.558590 1.623940 1.505583 1.562077
0.087045 0.093779 0.087325 0.139891 0.982840 0.981610 0.983039 0.972568 0.147739 0.145241 0.146061 0.132457 0.956478 0.953111 0.956338 0.930525 2.199752 2.223196 2.207209 2.340211
0.079482 0.131417 0.094958 0.106348 0.971631 0.953011 0.966055 0.961990 0.206557 0.186161 0.200780 0.196611 0.960259 0.934291 0.952521 0.946826 1.906511 2.047373 1.950171 1.982541
0.060574 0.064332 0.052031 0.089895 0.979250 0.977834 0.982393 0.969043 0.236950 0.234650 0.237308 0.224671 0.969713 0.967834 0.973985 0.955053 1.820818 1.829616 1.797806 1.908197
0.069118 0.108114 0.071639 0.085446 0.980406 0.969294 0.979880 0.975724 0.205750 0.191554 0.203094 0.197418 0.965441 0.945943 0.964181 0.957277 1.934288 2.046536 1.943992 1.981427
0.066246 0.099428 0.087185 0.112916 0.985747 0.978488 0.981185 0.975562 0.186412 0.176234 0.180528 0.172692 0.966877 0.950286 0.956408 0.943542 2.046123 2.141831 2.108121 2.178040
0.111695 0.195890 0.161485 0.187275 0.968210 0.944232 0.954097 0.946679 0.167368 0.141609 0.150727 0.144117 0.944246 0.903185 0.919538 0.907492 2.105384 2.300966 2.228712 2.282586
0.102801 0.126474 0.085434 0.134736 0.973535 0.967280 0.977826 0.965142 0.161522 0.154253 0.168202 0.152266 0.948599 0.936763 0.957283 0.932820 2.096720 2.157250 2.043928 2.177133
0.081022 0.110797 0.077451 0.101405 0.985577 0.980121 0.986145 0.981802 0.152574 0.144761 0.153677 0.147494 0.959489 0.944601 0.961275 0.949297 2.175072 2.256311 2.163594 2.230389
0.059244 0.042582 0.021989 0.077325 0.996311 0.997349 0.998637 0.995186 0.170829 0.173898 0.179083 0.167655 0.970378 0.978709 0.989006 0.961337 2.087595 2.037437 1.960258 2.135989
0.053922 0.069134 0.028571 0.049290 0.990215 0.987421 0.994922 0.991028 0.247008 0.242421 0.250358 0.245756 0.973039 0.965433 0.985714 0.975355 1.807965 1.852605 1.730422 1.796963
0.091457 0.104583 0.070028 0.121319 0.971017 0.966667 0.977974 0.961347 0.195050 0.189914 0.202526 0.184809 0.954272 0.947803 0.964986 0.939811 1.969113 2.002295 1.908253 2.046754
0.096919 0.123720 0.074860 0.113622 0.974387 0.967260 0.980690 0.969928 0.181005 0.171886 0.185339 0.174404 0.951541 0.938140 0.962570 0.943377 2.061079 2.132438 2.007420 2.106287
0.137045 0.167220 0.144958 0.219688 0.956758 0.947319 0.954650 0.930791 0.175770 0.165363 0.172652 0.149717 0.931571 0.916578 0.927894 0.891851 2.090626 2.160567 2.112093 2.265800
0.172956 0.253115 0.152341 0.186899 0.975009 0.963273 0.978354 0.972878 0.116833 0.102142 0.119332 0.114048 0.913522 0.878664 0.923829 0.906550 2.486597 2.635081 2.451376 2.515439
0.109104 0.136431 0.105322 0.153026 0.980877 0.976001 0.981504 0.973086 0.139967 0.132818 0.140940 0.128274 0.945448 0.931879 0.947339 0.923487 2.237598 2.303582 2.225784 2.342264
0.063375 0.080150 0.054132 0.078384 0.973602 0.966581 0.977837 0.967294 0.309919 0.301386 0.309617 0.304015 0.968312 0.959925 0.972934 0.960808 1.634948 1.685389 1.615402 1.678000
0.061835 0.059318 0.022269 0.071534 0.995644 0.995822 0.998440 0.994961 0.149493 0.149415 0.157699 0.147149 0.969083 0.970341 0.988866 0.964233 2.189437 2.183127 2.047758 2.219072
0.086415 0.112068 0.071919 0.105289 0.973804 0.965900 0.978549 0.967967 0.194690 0.185364 0.198559 0.187947 0.956793 0.943966 0.964041 0.947355 1.960481 2.030317 1.923289 2.011726
0.106760 0.152899 0.115851 0.153373 0.976483 0.965697 0.974246 0.965521 0.162723 0.151652 0.161260 0.150869 0.946620 0.923550 0.942075 0.923314 2.148720 2.251675 2.167229 2.252617
0.068417 0.100982 0.064846 0.079020 0.980724 0.971431 0.982018 0.977633 0.217570 0.204667 0.216008 0.212062 0.965791 0.949509 0.967577 0.960490 1.908414 2.003041 1.904176 1.940487
0.045028 0.029588 0.024580 0.066309 0.994540 0.996404 0.997045 0.991942 0.223589 0.227188 0.228465 0.218656 0.977486 0.985206 0.987710 0.966846 1.911502 1.857533 1.839478 1.976195
0.058263 0.084104 0.045728 0.059600 0.991616 0.987897 0.993495 0.991423 0.147575 0.139689 0.149497 0.146482 0.970868 0.957948 0.977136 0.970200 2.151253 2.231667 2.107505 2.154822
0.079062 0.105430 0.073669 0.103877 0.983632 0.978110 0.984660 0.978439 0.161313 0.153888 0.163776 0.154824 0.960469 0.947285 0.963165 0.948156 2.086634 2.158990 2.067304 2.153565
0.049300 0.082904 0.034664 0.022527 0.995244 0.991981 0.996672 0.997821 0.162005 0.154787 0.165032 0.167739 0.975350 0.958548 0.982668 0.988737 2.116591 2.216394 2.067046 2.019911
0.097440 0.120227 0.109065 0.161976 0.983697 0.979889 0.981846 0.972910 0.150035 0.144003 0.145963 0.132670 0.951280 0.940063 0.945468 0.919012 2.203135 2.262722 2.236888 2.362810
0.125210 0.227456 0.156022 0.152037 0.956348 0.920697 0.945919 0.946976 0.189714 0.155976 0.177389 0.179027 0.937488 0.887779 0.921989 0.923981 2.039749 2.257830 2.115853 2.104451
0.083613 0.086788 0.085854 0.138338 0.977720 0.976826 0.977316 0.963070 0.176393 0.175482 0.174801 0.158150 0.958193 0.956606 0.957073 0.930831 2.054836 2.063669 2.065303 2.200714
0.520779 0.544132 0.031169 0.527603 0.970634 0.969313 0.998249 0.970245 0.309055 0.295320 0.319954 0.305346 0.960823 0.948871 0.984416 0.957576 1.364897 1.429741 1.265599 1.383898
0.074510 0.093496 0.069818 0.106560 0.988447 0.985507 0.989295 0.983483 0.152271 0.146675 0.152254 0.143343 0.962745 0.953252 0.965091 0.947096 2.146997 2.202071 2.134943 2.236499
0.063305 0.073865 0.041036 0.068216 0.991279 0.989840 0.994426 0.990616 0.133226 0.130357 0.138026 0.132204 0.968347 0.963068 0.979482 0.965892 2.223875 2.257896 2.151011 2.237032
0.188889 0.164444 0.112560 0.267160 0.969533 0.973454 0.982196 0.956916 0.109029 0.114046 0.124964 0.094359 0.906844 0.918436 0.943720 0.869712 2.511897 2.458117 2.342332 2.651220
0.106863 0.154933 0.095238 0.116729 0.977195 0.966804 0.979757 0.974982 0.170414 0.156429 0.173676 0.167374 0.946569 0.922628 0.952381 0.941730 2.134134 2.249173 2.102439 2.157361
0.137045 0.173787 0.157703 0.227950 0.935038 0.917152 0.925254 0.891337 0.225215 0.210446 0.215712 0.190044 0.931571 0.913860 0.921429 0.886967 1.883700 1.963361 1.931184 2.067041
0.090266 0.135654 0.085294 0.103806 0.969076 0.953358 0.970991 0.964295 0.230133 0.211759 0.231274 0.224459 0.954867 0.932267 0.957353 0.948097 1.874569 1.989789 1.864225 1.910092
0.070868 0.087706 0.076891 0.114257 0.985897 0.982520 0.984869 0.977232 0.160239 0.154600 0.157289 0.147912 0.964566 0.956147 0.961555 0.942871 2.102826 2.152317 2.123511 2.223407
0.116026 0.220250 0.185897 0.214333 0.981082 0.963112 0.969069 0.964131 0.130527 0.107217 0.115553 0.110111 0.941987 0.889875 0.907051 0.892834 2.313512 2.532208 2.470535 2.522330
0.038519 0.049808 0.044266 0.063094 0.991013 0.988343 0.989694 0.985235 0.193493 0.189196 0.190609 0.184812 0.980741 0.975096 0.977867 0.968453 1.902373 1.941823 1.924329 1.985942
0.095868 0.170468 0.124790 0.136360 0.978365 0.961603 0.971875 0.969285 0.174847 0.152494 0.165871 0.163118 0.952066 0.915331 0.937979 0.932291 2.091007 2.275200 2.169106 2.196492
0.069649 0.136711 0.136491 0.160533 0.988183 0.976121 0.976115 0.971963 0.150129 0.135136 0.135090 0.128325 0.965175 0.931644 0.931754 0.919733 2.149476 2.317721 2.317861 2.374998
0.096359 0.169268 0.141597 0.167220 0.977841 0.961249 0.967669 0.961716 0.164115 0.143524 0.151700 0.145827 0.951821 0.917720 0.931256 0.919121 2.108341 2.284541 2.221740 2.277166
0.084874 0.101476 0.066106 0.107196 0.977479 0.972962 0.982493 0.971443 0.189491 0.184440 0.193910 0.178847 0.957563 0.949262 0.966947 0.946496 2.023696 2.066877 1.967945 2.085784
0.121218 0.178377 0.111695 0.143634 0.979054 0.969082 0.980590 0.975106 0.129028 0.115217 0.131872 0.123656 0.939484 0.911376 0.944153 0.928842 2.313533 2.446022 2.288013 2.367340
0.108053 0.126827 0.105182 0.163830 0.955830 0.947624 0.957146 0.932375 0.238920 0.229701 0.238496 0.217591 0.946160 0.936681 0.947409 0.919497 1.863963 1.906968 1.858696 1.993497
0.079972 0.123014 0.075350 0.086435 0.981098 0.970742 0.982198 0.979438 0.207777 0.192505 0.209280 0.205146 0.960014 0.938587 0.962325 0.956783 1.970010 2.083387 1.954448 1.982572
0.060644 0.065956 0.047409 0.084810 0.962842 0.959325 0.971942 0.947750 0.341839 0.337995 0.342683 0.327511 0.969678 0.967022 0.976296 0.957595 1.451160 1.469223 1.421376 1.522186
0.071534 0.105325 0.061645 0.074822 0.980952 0.971818 0.983788 0.979964 0.310250 0.295650 0.310492 0.305288 0.964233 0.947338 0.969177 0.962589 1.702561 1.793684 1.679575 1.710618
0.136538 0.119658 0.125641 0.235371 0.953109 0.957828 0.958479 0.917593 0.297197 0.304729 0.296810 0.270981 0.933440 0.940171 0.937179 0.891080 1.787993 1.740702 1.778518 1.947860
0.147880 0.206782 0.146512 0.190727 0.957162 0.939344 0.957643 0.944060 0.162883 0.145884 0.162361 0.150343 0.926243 0.897716 0.927109 0.905559 2.179907 2.300364 2.179018 2.268352
0.071359 0.075560 0.061905 0.102535 0.984598 0.983650 0.986727 0.977820 0.199041 0.196928 0.200991 0.187459 0.964321 0.962220 0.969048 0.948732 1.940590 1.952685 1.914187 2.029573
0.075140 0.107337 0.064076 0.084316 0.972463 0.960355 0.976682 0.968851 0.226388 0.213835 0.229735 0.223428 0.962430 0.946331 0.967962 0.957842 1.843528 1.929577 1.811815 1.866585
0.081454 0.119579 0.121241 0.162309 0.979439 0.968390 0.968547 0.957164 0.264676 0.255451 0.256155 0.241785 0.959273 0.940210 0.939380 0.918846 1.750117 1.824001 1.833873 1.912280
0.053782 0.084952 0.042717 0.042652 0.992106 0.987497 0.993763 0.993721 0.144847 0.136516 0.147346 0.147684 0.973109 0.957524 0.978641 0.978674 2.143258 2.240638 2.104675 2.101105
0.141572 0.206728 0.190299 0.262419 0.970981 0.957293 0.960679 0.945807 0.138067 0.121924 0.127494 0.112688 0.929507 0.898715 0.908070 0.877107 2.298028 2.431223 2.398380 2.527466
0.138025 0.229645 0.164076 0.188475 0.950713 0.917734 0.941355 0.932502 0.177784 0.149774 0.168080 0.160303 0.931454 0.888944 0.918616 0.906704 2.040533 2.227744 2.101132 2.150878
0.156522 0.148642 0.151208 0.266667 0.964264 0.964983 0.965105 0.937301 0.166317 0.170529 0.167095 0.142877 0.921739 0.925679 0.924396 0.874568 2.213300 2.180926 2.202201 2.401264
0.098529 0.153520 0.099230 0.112916 0.945950 0.915207 0.946061 0.937630 0.247623 0.222861 0.246650 0.241156 0.950735 0.923334 0.950385 0.943542 1.741310 1.874677 1.747556 1.776287
0.062185 0.067580 0.052591 0.086081 0.991092 0.990328 0.992508 0.987682 0.169242 0.167880 0.172431 0.163319 0.968908 0.966210 0.973704 0.956959 2.038547 2.053370 2.006312 2.107270
0.107368 0.130489 0.090877 0.132622 0.961374 0.952708 0.968329 0.951966 0.214946 0.206113 0.217087 0.206890 0.946316 0.934756 0.954561 0.934163 1.912990 1.969971 1.884572 1.971015
0.088866 0.097380 0.072059 0.121460 0.984655 0.983209 0.987755 0.979060 0.154711 0.152665 0.158282 0.144400 0.955567 0.951310 0.963971 0.939270 2.189698 2.213433 2.143863 2.277980
0.111515 0.169779 0.125657 0.159167 0.978586 0.967272 0.975910 0.969323 0.170443 0.153648 0.164462 0.156910 0.944512 0.915791 0.937172 0.920960 2.140502 2.274366 2.178156 2.250017
0.031580 0.043208 0.036081 0.048284 0.980120 0.972267 0.976912 0.969007 0.331243 0.328124 0.330649 0.324303 0.984210 0.978536 0.981960 0.975858 1.313159 1.344714 1.322677 1.363813
0.094328 0.153661 0.104762 0.122308 0.980261 0.967842 0.978226 0.974397 0.152149 0.134946 0.147608 0.143445 0.952836 0.923169 0.947619 0.938846 2.183930 2.336410 2.216906 2.260350
0.035343 0.050429 0.043129 0.056960 0.986652 0.980830 0.983689 0.978351 0.256044 0.249717 0.252947 0.247731 0.982328 0.974786 0.978435 0.971520 1.652926 1.705342 1.681138 1.726480
0.062815 0.097521 0.069258 0.087353 0.986399 0.978871 0.985011 0.981078 0.198938 0.189095 0.198050 0.191584 0.968592 0.951239 0.965371 0.956324 1.958835 2.056318 1.975915 2.030138
0.056092 0.081068 0.068347 0.088906 0.978383 0.968372 0.973504 0.965290 0.230024 0.221068 0.225314 0.215563 0.971954 0.959466 0.965826 0.955547 1.779483 1.853530 1.817441 1.875426
0.306348 0.315851 0.021743 0.310950 0.986008 0.985586 0.999006 0.985810 0.344219 0.340317 0.352403 0.342543 0.973597 0.968957 0.989128 0.971408 1.246017 1.271272 1.177145 1.257845
0.036988 0.047632 0.044491 0.062862 0.990075 0.987143 0.988067 0.983035 0.254292 0.248702 0.250606 0.244154 0.981506 0.976184 0.977754 0.968569 1.709292 1.743356 1.735856 1.794897
0.086485 0.147871 0.107143 0.114752 0.977544 0.961443 0.972173 0.970086 0.167195 0.148236 0.160995 0.158555 0.956758 0.926065 0.946429 0.942624 2.076798 2.236495 2.135930 2.154219
0.058754 0.085234 0.064076 0.083539 0.960762 0.942776 0.957882 0.943985 0.315095 0.301505 0.310396 0.304100 0.970997 0.957571 0.967962 0.958795 1.454176 1.533813 1.480210 1.524880
0.055112 0.074571 0.032003 0.050491 0.989766 0.986118 0.994189 0.990599 0.324209 0.317333 0.325510 0.323628 0.972444 0.962714 0.983999 0.974755 1.710177 1.768886 1.647348 1.699890
0.030061 0.034206 0.030446 0.046142 0.995773 0.995181 0.995725 0.993500 0.192427 0.190771 0.191996 0.188220 0.984969 0.982897 0.984777 0.976929 1.924579 1.939555 1.926761 1.982084
0.095728 0.152673 0.105532 0.121037 0.976618 0.962449 0.974050 0.970231 0.166821 0.149309 0.163757 0.159254 0.952136 0.923664 0.947234 0.939482 2.139175 2.282677 2.163476 2.204410
0.062447 0.076697 0.050114 0.078884 0.988569 0.985975 0.990925 0.985575 0.159384 0.154573 0.161982 0.153952 0.968777 0.961652 0.974943 0.960558 2.113136 2.157757 2.073489 2.165068
0.075140 0.109456 0.072549 0.090530 0.982782 0.974704 0.983430 0.979077 0.158427 0.148211 0.158801 0.154349 0.962430 0.945272 0.963725 0.954735 2.097360 2.192781 2.091515 2.140279
0.066387 0.062637 0.053641 0.098792 0.988140 0.988771 0.990503 0.982295 0.233667 0.232634 0.235158 0.222830 0.966807 0.968682 0.973179 0.950604 1.885703 1.873157 1.849576 1.973393
0.048980 0.071321 0.055470 0.069983 0.988407 0.982986 0.986801 0.983308 0.180448 0.172364 0.178347 0.173988 0.975510 0.964339 0.972265 0.965009 1.969906 2.040760 1.990007 2.036784
0.048037 0.045641 0.038469 0.072004 0.992625 0.992984 0.994142 0.988933 0.236670 0.236283 0.238787 0.228330 0.975982 0.977179 0.980765 0.963998 1.887484 1.878813 1.854254 1.963803
0.087745 0.126968 0.086555 0.110938 0.984739 0.978029 0.985057 0.980803 0.187164 0.173494 0.184690 0.178573 0.956127 0.936516 0.956723 0.944531 2.087725 2.193874 2.089231 2.154106
0.100910 0.133677 0.096639 0.138761 0.959904 0.946504 0.961593 0.944502 0.201154 0.187796 0.202276 0.186586 0.949545 0.933161 0.951681 0.930619 1.896719 1.978620 1.885238 1.990504
0.179021 0.216568 0.132634 0.213728 0.969781 0.963377 0.977530 0.963854 0.110560 0.103296 0.121327 0.103081 0.910490 0.893925 0.933683 0.893452 2.476334 2.550977 2.369182 2.543603
0.124160 0.166372 0.121289 0.170327 0.968383 0.957225 0.968893 0.956202 0.161869 0.149018 0.163264 0.148437 0.937920 0.917002 0.939356 0.915213 2.178874 2.274811 2.168149 2.283053
0.631401 0.649877 0.023671 0.631111 0.965637 0.964680 0.998712 0.965700 0.331859 0.323950 0.346463 0.329550 0.954670 0.947885 0.988164 0.954403 1.412184 1.453382 1.259062 1.418617
0.072807 0.081330 0.077193 0.122105 0.990137 0.988955 0.989623 0.983420 0.137697 0.134992 0.135510 0.124959 0.963596 0.959335 0.961404 0.938947 2.229608 2.253110 2.243537 2.366670
0.069328 0.094909 0.059104 0.080362 0.981742 0.974974 0.984646 0.978808 0.178920 0.169700 0.181012 0.175727 0.965336 0.952546 0.970448 0.959819 2.014645 2.091496 1.988193 2.046983
0.122479 0.150413 0.117857 0.176612 0.963767 0.955514 0.965172 0.947764 0.166020 0.157106 0.167249 0.147674 0.938761 0.924793 0.941071 0.911694 2.092586 2.161052 2.081548 2.218397
0.155519 0.212231 0.167208 0.226116 0.970060 0.958873 0.967709 0.956205 0.137742 0.125976 0.134774 0.122536 0.922240 0.895647 0.916396 0.887824 2.312033 2.420906 2.335995 2.446745
0.084734 0.103665 0.096989 0.144199 0.955401 0.944580 0.948932 0.922966 0.306279 0.295757 0.300485 0.279707 0.957633 0.948168 0.951506 0.928936 1.620676 1.666226 1.655277 1.764161
0.071975 0.109530 0.117532 0.158733 0.984674 0.976725 0.974921 0.966264 0.253980 0.240821 0.238983 0.227896 0.964012 0.945235 0.941483 0.922770 1.850979 1.952652 1.968925 2.053398
0.134874 0.213756 0.189426 0.242215 0.970568 0.953352 0.958477 0.947145 0.145550 0.126159 0.131685 0.120334 0.932843 0.898342 0.908088 0.885278 2.257533 2.422057 2.374691 2.474432
0.108353 0.159316 0.110877 0.148687 0.985051 0.977889 0.984725 0.979364 0.130456 0.119174 0.129829 0.121240 0.945824 0.920767 0.944702 0.925940 2.305565 2.426353 2.313514 2.402859
0.127731 0.167926 0.157563 0.220041 0.951602 0.936473 0.940630 0.916762 0.185855 0.171196 0.174645 0.155206 0.936134 0.916508 0.921592 0.891580 1.984399 2.077405 2.057307 2.181218
0.133824 0.223854 0.149650 0.159170 0.953646 0.922676 0.948421 0.945030 0.183795 0.154848 0.178330 0.175220 0.933088 0.890898 0.925549 0.920415 2.051442 2.242584 2.091803 2.112309
0.084594 0.098439 0.081583 0.129581 0.978210 0.974631 0.978958 0.966608 0.216375 0.211306 0.215783 0.199076 0.957703 0.950780 0.959209 0.935209 1.934251 1.973054 1.929750 2.055089
0.071008 0.113834 0.086625 0.104159 0.982163 0.971209 0.978042 0.973653 0.168841 0.155850 0.164535 0.158456 0.964496 0.943177 0.956688 0.948109 2.037298 2.156962 2.080200 2.129164
0.066667 0.093284 0.079062 0.107125 0.971086 0.959543 0.966187 0.953554 0.253344 0.241474 0.248080 0.237443 0.966667 0.953358 0.960469 0.946720 1.749797 1.829430 1.792426 1.866103
0.121989 0.167785 0.108683 0.148648 0.940152 0.916765 0.945901 0.926261 0.254291 0.234997 0.261834 0.244563 0.939566 0.917143 0.946218 0.927088 1.759544 1.859103 1.720912 1.815615
0.086153 0.099490 0.118734 0.184630 0.986817 0.984646 0.981728 0.971533 0.169317 0.163677 0.161188 0.146425 0.956924 0.950255 0.940633 0.908960 2.143099 2.172813 2.226807 2.366971
0.156486 0.216071 0.160633 0.241830 0.958314 0.941723 0.957419 0.934812 0.163551 0.146337 0.154870 0.143101 0.928796 0.898629 0.920186 0.893054 2.189891 2.313407 2.225257 2.346708
0.111204 0.123438 0.110924 0.174140 0.942507 0.935879 0.942809 0.909591 0.280235 0.273681 0.276758 0.251195 0.944398 0.938281 0.944538 0.913401 1.740775 1.769043 1.743822 1.882836
0.148498 0.301531 0.205451 0.212531 0.975516 0.949413 0.965539 0.964327 0.127317 0.108681 0.121531 0.115753 0.925751 0.876706 0.909679 0.898392 2.385980 2.621044 2.478150 2.502270
0.106985 0.117866 0.086261 0.146987 0.977342 0.975148 0.981891 0.969008 0.156721 0.153217 0.163532 0.145464 0.946507 0.941067 0.956869 0.926507 2.178697 2.208457 2.119244 2.278830
0.097199 0.145258 0.094888 0.114328 0.971228 0.956906 0.971943 0.966084 0.188635 0.171399 0.188220 0.182693 0.951401 0.927559 0.952556 0.942836 2.005806 2.127727 2.000927 2.052050
0.086275 0.107055 0.099790 0.146035 0.957217 0.946261 0.950168 0.926719 0.244498 0.236545 0.239341 0.220791 0.957049 0.947397 0.950479 0.928095 1.759785 1.809049 1.793983 1.906404
0.064212 0.118023 0.081429 0.079537 0.985497 0.973308 0.981599 0.982012 0.167110 0.150141 0.161201 0.162085 0.967949 0.941908 0.959473 0.960254 2.034942 2.188726 2.088066 2.082248
0.092857 0.127604 0.109174 0.148365 0.972781 0.962436 0.968087 0.956328 0.182444 0.170832 0.177748 0.165309 0.953571 0.936198 0.945413 0.925817 2.023925 2.114551 2.069316 2.163789
0.081432 0.123604 0.093562 0.118051 0.986256 0.978993 0.984124 0.979939 0.138579 0.127661 0.135373 0.128746 0.959284 0.938198 0.953219 0.940974 2.202282 2.317305 2.236873 2.303230
0.135714 0.211426 0.205602 0.272721 0.953603 0.927855 0.930054 0.906939 0.192401 0.168458 0.170788 0.153288 0.932703 0.897112 0.900280 0.870795 2.015309 2.174226 2.164316 2.276348
0.106798 0.175069 0.134539 0.150914 0.958517 0.931687 0.948149 0.941112 0.216017 0.189642 0.203038 0.199059 0.946747 0.913352 0.933023 0.924543 1.899833 2.056635 1.973317 2.006376
0.056443 0.067298 0.059244 0.087000 0.973167 0.967817 0.972225 0.958388 0.249553 0.244895 0.246183 0.235937 0.971779 0.966351 0.970378 0.956500 1.682460 1.715501 1.699524 1.775326
0.058403 0.072099 0.034944 0.059318 0.989687 0.987251 0.993905 0.989510 0.154020 0.150014 0.160453 0.153762 0.970798 0.963950 0.982528 0.970341 2.085509 2.128394 2.003524 2.086353
0.058257 0.071331 0.066889 0.097674 0.958906 0.949630 0.952935 0.931052 0.381416 0.372118 0.374119 0.356767 0.970872 0.964335 0.966555 0.951163 1.396120 1.434819 1.423747 1.509299
0.146218 0.237836 0.153361 0.163901 0.957522 0.930779 0.955451 0.952300 0.154260 0.129454 0.151508 0.148626 0.927264 0.885395 0.923506 0.918238 2.153298 2.336374 2.170647 2.193351
0.138165 0.159170 0.137115 0.215592 0.961973 0.955999 0.962201 0.940396 0.158309 0.152733 0.158705 0.136771 0.930917 0.920604 0.931536 0.894370 2.169087 2.214648 2.166019 2.331624
0.062013 0.091004 0.058669 0.073437 0.981585 0.972972 0.982697 0.978188 0.204768 0.193486 0.205853 0.201056 0.968994 0.954498 0.970666 0.963282 1.888992 1.977032 1.879424 1.922412
0.104272 0.121672 0.117787 0.178448 0.967715 0.962132 0.963438 0.944476 0.183327 0.176862 0.179160 0.160052 0.947958 0.939164 0.941200 0.911812 2.037889 2.080162 2.073584 2.213610
0.118819 0.189536 0.122815 0.137012 0.975489 0.960980 0.974796 0.971793 0.146042 0.126675 0.144358 0.141126 0.940591 0.905687 0.938592 0.931494 2.259349 2.422497 2.271815 2.305669
0.062255 0.076125 0.057353 0.087353 0.984120 0.980582 0.985434 0.977714 0.185872 0.181466 0.187424 0.178191 0.969713 0.962973 0.971977 0.958248 1.918613 1.960177 1.903623 1.989207
0.067227 0.104230 0.074160 0.091448 0.983507 0.973862 0.981561 0.977063 0.212666 0.201239 0.211166 0.205849 0.966387 0.947885 0.962920 0.954276 1.886908 1.982928 1.902332 1.948491
0.087475 0.100704 0.065859 0.112438 0.979553 0.976392 0.984908 0.973638 0.180908 0.177450 0.185661 0.171910 0.956263 0.949648 0.967071 0.943781 2.042971 2.076845 1.987559 2.111142
0.041807 0.066591 0.048529 0.056211 0.982666 0.971816 0.979816 0.976197 0.341013 0.332121 0.338178 0.334369 0.979097 0.966704 0.975735 0.971895 1.496877 1.568002 1.518601 1.539037
0.099254 0.134708 0.108721 0.141385 0.977599 0.969623 0.975872 0.968109 0.213227 0.202231 0.208982 0.200858 0.950373 0.934388 0.945640 0.929501 2.001739 2.086815 2.032196 2.102635
0.080952 0.122025 0.084174 0.100699 0.976285 0.964159 0.975579 0.970426 0.187254 0.172291 0.185398 0.180817 0.959524 0.938987 0.957913 0.949650 1.974409 2.084619 1.988741 2.030620
0.138509 0.224533 0.177847 0.209620 0.936220 0.896017 0.917832 0.902941 0.239935 0.207430 0.224764 0.213279 0.930745 0.889134 0.911629 0.896030 1.869443 2.037904 1.950962 2.010411
0.124300 0.198009 0.129762 0.137985 0.965296 0.944467 0.963723 0.961294 0.210511 0.183813 0.205799 0.205209 0.938130 0.902502 0.935212 0.931102 1.996277 2.155500 2.012118 2.028646
0.123739 0.160864 0.130182 0.181061 0.965239 0.954777 0.963658 0.949093 0.164377 0.151724 0.162190 0.148303 0.938410 0.920133 0.935189 0.910223 2.138025 2.226968 2.157105 2.267963
0.054429 0.077572 0.050838 0.065226 0.984471 0.977814 0.985474 0.981343 0.206071 0.197398 0.207066 0.201827 0.972785 0.961214 0.974581 0.967387 1.816089 1.886882 1.802272 1.849118
0.055993 0.048053 0.055927 0.097164 0.994104 0.994920 0.994122 0.989730 0.179209 0.178363 0.177240 0.167993 0.972004 0.975973 0.972036 0.951418 2.039134 2.009323 2.041272 2.155969
0.035644 0.059600 0.029832 0.026481 0.990307 0.983613 0.991967 0.992714 0.332434 0.322997 0.331197 0.333928 0.982178 0.970200 0.985084 0.986759 1.485472 1.558821 1.473765 1.456458
0.090406 0.117788 0.099230 0.138055 0.977429 0.970573 0.975605 0.965511 0.167302 0.158224 0.162309 0.151587 0.954797 0.941106 0.950385 0.930972 2.083793 2.159201 2.117352 2.210634
0.129832 0.214392 0.150350 0.168985 0.954987 0.925167 0.947838 0.941008 0.178670 0.153007 0.172430 0.166241 0.935177 0.894687 0.925292 0.915978 2.053953 2.232987 2.101384 2.140769
0.167133 0.217751 0.148252 0.209467 0.973005 0.964635 0.976236 0.965978 0.122250 0.111763 0.127150 0.113060 0.916434 0.891755 0.925874 0.895582 2.428039 2.528289 2.390810 2.512597
0.098179 0.139538 0.095378 0.123367 0.959837 0.942632 0.961418 0.949251 0.228394 0.212102 0.228659 0.217029 0.950910 0.930231 0.952311 0.938317 1.862002 1.965239 1.860152 1.926687
0.095728 0.125415 0.097899 0.133465 0.969162 0.959631 0.968734 0.957031 0.183632 0.172281 0.181917 0.170249 0.952136 0.937387 0.951144 0.933362 1.988705 2.068244 1.999561 2.088291
0.082939 0.110191 0.069784 0.100357 0.987671 0.983607 0.989685 0.985070 0.133028 0.125854 0.135787 0.128512 0.958530 0.944974 0.965108 0.950028 2.258093 2.333498 2.221344 2.308857
0.035518 0.049296 0.039277 0.051275 0.985118 0.979043 0.983587 0.978189 0.276066 0.271890 0.273880 0.269458 0.982241 0.975352 0.980361 0.974363 1.547673 1.589373 1.563288 1.597094
0.047409 0.065885 0.049300 0.064685 0.965828 0.951715 0.964796 0.952676 0.349220 0.337957 0.348625 0.341852 0.976296 0.967057 0.975350 0.967752 1.344303 1.400173 1.351820 1.391827
0.085583 0.131540 0.097179 0.122456 0.983791 0.975122 0.981595 0.976835 0.141669 0.128355 0.138085 0.131212 0.957208 0.934230 0.951411 0.938772 2.196906 2.321474 2.230347 2.298186
0.083543 0.132618 0.098039 0.115458 0.980045 0.968194 0.976636 0.972312 0.167701 0.151334 0.162389 0.158066 0.958228 0.933691 0.950980 0.942271 2.093541 2.222883 2.136572 2.180665
0.118207 0.137702 0.127101 0.192077 0.952435 0.944557 0.949212 0.922682 0.209205 0.199972 0.203618 0.182040 0.940896 0.931149 0.936543 0.906033 1.945523 1.993775 1.970551 2.110508
0.063097 0.088633 0.068964 0.091765 0.991454 0.987990 0.990652 0.987565 0.176831 0.168415 0.174733 0.167788 0.968452 0.955684 0.965518 0.954143 2.051946 2.127437 2.068862 2.136419
0.094188 0.104018 0.072829 0.126050 0.944852 0.938617 0.957997 0.925689 0.304669 0.298239 0.314586 0.288025 0.952906 0.947991 0.963585 0.936975 1.575665 1.601193 1.520101 1.653929
0.155914 0.219447 0.157287 0.209042 0.950973 0.930861 0.950605 0.934133 0.163551 0.144940 0.162778 0.147418 0.922958 0.892280 0.921509 0.898100 2.169474 2.300627 2.174950 2.280674
0.093417 0.122378 0.103431 0.146176 0.960432 0.947529 0.956160 0.937348 0.246027 0.234410 0.240394 0.225096 0.953291 0.938811 0.948378 0.927289 1.810667 1.883464 1.839783 1.939694
0.069300 0.104843 0.077293 0.095622 0.990820 0.986098 0.989821 0.987322 0.140737 0.131969 0.138262 0.134265 0.965350 0.947579 0.961353 0.952189 2.198718 2.299550 2.225568 2.275792
0.100560 0.117294 0.108754 0.164889 0.958536 0.951644 0.955362 0.932006 0.212315 0.204257 0.208604 0.189987 0.950467 0.941353 0.946557 0.920757 1.869029 1.916516 1.890729 2.016663
0.134849 0.254233 0.163934 0.166353 0.975826 0.954680 0.970489 0.970344 0.247718 0.216897 0.242667 0.239632 0.932928 0.878975 0.920148 0.918615 2.030564 2.245666 2.084171 2.095793
0.159892 0.217193 0.162150 0.215364 0.963148 0.949442 0.962410 0.949853 0.133946 0.119647 0.134223 0.121073 0.920054 0.891810 0.919126 0.892928 2.320099 2.434403 2.323263 2.429818
0.153291 0.234729 0.156723 0.185933 0.959165 0.937255 0.958021 0.950298 0.152840 0.131236 0.152577 0.143794 0.923821 0.884895 0.922199 0.908163 2.235488 2.400201 2.241345 2.305279
0.038080 0.042534 0.031686 0.053695 0.993767 0.993023 0.994835 0.991192 0.246724 0.242998 0.247243 0.241020 0.980960 0.978733 0.984157 0.973153 1.848285 1.862585 1.823710 1.901760
0.094258 0.127533 0.095168 0.128240 0.972023 0.961982 0.971674 0.961773 0.196540 0.184600 0.195668 0.184730 0.952871 0.936327 0.952416 0.935880 1.968461 2.054093 1.970101 2.055484
0.136124 0.167243 0.162142 0.240292 0.967577 0.959168 0.960852 0.941421 0.151691 0.144488 0.145912 0.126915 0.931938 0.916378 0.918929 0.883442 2.234324 2.296353 2.287861 2.436736
0.136835 0.248076 0.186064 0.197444 0.965812 0.937944 0.953583 0.950612 0.150334 0.123723 0.136805 0.132751 0.931863 0.882441 0.908742 0.902031 2.197509 2.417704 2.307000 2.329998
0.079972 0.096109 0.076261 0.118424 0.982401 0.978831 0.983455 0.973918 0.203103 0.197119 0.201899 0.188492 0.960014 0.951945 0.961870 0.940788 1.985647 2.032044 1.980662 2.092044
0.042982 0.061008 0.032345 0.041782 0.992426 0.989240 0.994346 0.992630 0.243925 0.237019 0.245244 0.241812 0.978509 0.969496 0.983827 0.979109 1.801134 1.861032 1.766690 1.797911
0.121893 0.144585 0.132998 0.197259 0.975406 0.970430 0.973044 0.959636 0.146549 0.142070 0.144425 0.127771 0.939053 0.927708 0.933501 0.902804 2.246879 2.297313 2.276181 2.411867
0.062185 0.104301 0.067437 0.068710 0.974284 0.956526 0.972340 0.971337 0.332252 0.309060 0.326458 0.327386 0.968908 0.947850 0.966282 0.965645 1.498493 1.614442 1.519870 1.515932
0.134874 0.160582 0.144538 0.216651 0.954683 0.945595 0.950945 0.926612 0.171692 0.163761 0.169868 0.147149 0.932563 0.919709 0.927918 0.892710 2.082651 2.138093 2.100015 2.253105
0.110330 0.158942 0.115328 0.148621 0.976051 0.964976 0.975163 0.967233 0.172532 0.161012 0.169375 0.162429 0.944835 0.920779 0.942336 0.925690 2.128711 2.234705 2.145645 2.211881
0.132493 0.161924 0.141246 0.210931 0.958182 0.948871 0.955542 0.933419 0.167563 0.157890 0.164860 0.144214 0.933847 0.919038 0.929563 0.896888 2.100488 2.168992 2.122378 2.269489
0.217189 0.375372 0.252033 0.276621 0.956204 0.923338 0.949788 0.943375 0.117649 0.092748 0.107982 0.104285 0.898374 0.834523 0.879404 0.869621 2.478902 2.704736 2.547097 2.573906
0.161345 0.197091 0.184244 0.277735 0.948528 0.937050 0.940973 0.911296 0.175298 0.162627 0.167596 0.143733 0.919608 0.902679 0.908625 0.867253 2.128860 2.202821 2.174818 2.341597
0.187166 0.318641 0.223708 0.281910 0.961448 0.931572 0.952350 0.939436 0.123391 0.100839 0.119690 0.107072 0.907605 0.848026 0.890523 0.861494 2.407222 2.609489 2.459797 2.556111
0.145804 0.216947 0.219061 0.285610 0.968895 0.951187 0.950384 0.935870 0.166513 0.152506 0.151754 0.138170 0.927098 0.891527 0.890469 0.863039 2.188733 2.307817 2.312969 2.417654
0.056653 0.097733 0.064986 0.062143 0.991182 0.984686 0.989831 0.990262 0.150090 0.138797 0.147743 0.149181 0.971674 0.951133 0.967507 0.968929 2.131568 2.252905 2.158299 2.146789
0.081423 0.102041 0.084313 0.122590 0.985358 0.981581 0.984818 0.977872 0.140691 0.135178 0.140145 0.129728 0.959288 0.948979 0.957843 0.938705 2.174432 2.232717 2.181798 2.285035
0.117927 0.199774 0.125350 0.126686 0.969629 0.947909 0.967351 0.966961 0.157694 0.133644 0.156675 0.156624 0.941223 0.900960 0.937512 0.936657 2.155668 2.336439 2.171239 2.173466
0.255385 0.254400 0.320000 0.568000 0.949956 0.947611 0.932533 0.883214 0.151411 0.151405 0.142285 0.122248 0.886282 0.877067 0.865897 0.812133 2.417809 2.414860 2.478324 2.694649
3.266667 3.920000 3.266667 3.920000 0.464286 -0.041667 -0.034483 -0.041667 0.813333 0.849600 0.873333 0.849600 0.941667 0.930000 0.941667 0.930000 0.434944 0.334221 0.291140 0.334221
0.154557 0.173589 0.134207 0.221942 0.966585 0.962376 0.971213 0.951893 0.136828 0.132760 0.143530 0.122168 0.923055 0.914047 0.934062 0.893206 2.310415 2.352824 2.262732 2.444876
0.235931 0.199546 0.060606 0.274376 0.934376 0.944017 0.984891 0.923689 0.192591 0.199004 0.226959 0.185195 0.887807 0.903250 0.969697 0.871882 2.203696 2.150146 1.888884 2.250531
0.085154 0.110938 0.101751 0.146317 0.981976 0.976561 0.978657 0.969086 0.152249 0.143571 0.145464 0.134043 0.957423 0.944531 0.949125 0.926935 2.165924 2.238706 2.220499 2.330793
0.102381 0.168632 0.135504 0.163760 0.968497 0.948106 0.958444 0.949607 0.184287 0.162279 0.172102 0.163658 0.948810 0.916343 0.932528 0.918403 2.020260 2.182409 2.108613 2.170307
0.070168 0.070758 0.074160 0.116305 0.955960 0.954887 0.953823 0.925945 0.400050 0.395941 0.394370 0.371175 0.964916 0.964621 0.962920 0.941847 1.318927 1.315318 1.334918 1.435425
0.241667 0.568889 0.329167 0.257778 0.950630 0.875872 0.930896 0.942642 0.119844 0.086459 0.102144 0.115674 0.879167 0.774815 0.835417 0.871111 2.448324 2.757370 2.571848 2.436953
0.085526 0.151786 0.151316 0.207908 0.963028 0.932809 0.933122 0.908064 0.259997 0.248352 0.252682 0.235583 0.960500 0.941125 0.943254 0.925112 1.706507 1.804850 1.799235 1.892500
0.088655 0.142363 0.092157 0.105713 0.973917 0.957614 0.972570 0.968514 0.184543 0.166666 0.184179 0.179224 0.955672 0.929384 0.953922 0.947144 2.025982 2.162537 2.031122 2.068602
0.047339 0.047596 0.045098 0.075771 0.992460 0.992391 0.992869 0.987890 0.187178 0.187108 0.185871 0.179132 0.976331 0.976202 0.977451 0.962114 2.020172 2.019874 2.017383 2.109817
0.131016 0.339761 0.256684 0.220386 0.978616 0.944321 0.958401 0.963919 0.119842 0.087487 0.097942 0.102978 0.934492 0.853153 0.883541 0.897153 2.400899 2.755166 2.641873 2.580240
0.136591 0.150191 0.125000 0.198342 0.956801 0.951934 0.960972 0.936637 0.177905 0.172841 0.180330 0.157708 0.931704 0.925755 0.937500 0.901679 2.093032 2.116379 2.071479 2.224273
0.096639 0.153379 0.103711 0.118353 0.971822 0.955462 0.969995 0.965633 0.178627 0.160114 0.175382 0.169661 0.951681 0.923970 0.948144 0.940823 2.039462 2.182516 2.062210 2.100115
0.092157 0.122025 0.101681 0.142575 0.973076 0.964263 0.970186 0.958239 0.192514 0.182334 0.189471 0.175159 0.953922 0.938987 0.949160 0.928713 2.004274 2.083270 2.029305 2.133531
0.320833 0.426667 0.208333 0.248889 0.928104 0.903559 0.956975 0.942607 0.100061 0.084968 0.121007 0.114568 0.839583 0.792593 0.895833 0.875556 2.582507 2.679798 2.420050 2.446588
0.388889 0.650519 0.330065 0.429066 0.927585 0.881030 0.940892 0.920626 0.098173 0.081297 0.099978 0.087373 0.840414 0.783737 0.852397 0.808535 2.710409 2.905649 2.662884 2.766561
0.106022 0.170398 0.116667 0.127039 0.974771 0.959485 0.972407 0.969796 0.158691 0.138603 0.154783 0.152106 0.946989 0.914895 0.941667 0.936480 2.145943 2.302296 2.177562 2.202312
0.094958 0.104442 0.093978 0.150907 0.966984 0.963519 0.967356 0.947292 0.198112 0.195520 0.200118 0.179618 0.952521 0.947779 0.953105 0.925205 1.955593 1.979139 1.950304 2.091599
0.117297 0.193419 0.128501 0.139185 0.960719 0.934566 0.956872 0.952915 0.190914 0.164588 0.186862 0.183723 0.941352 0.903950 0.935749 0.930502 2.017759 2.187761 2.046167 2.067780
0.116902 0.129475 0.115726 0.190250 0.970811 0.967546 0.971412 0.952332 0.189302 0.183149 0.185120 0.167548 0.941723 0.935615 0.942137 0.906989 2.057362 2.089281 2.067906 2.218251
0.132003 0.219547 0.149650 0.162630 0.971039 0.951667 0.967223 0.964200 0.136781 0.114642 0.131515 0.128200 0.934092 0.891827 0.925549 0.918779 2.254840 2.440042 2.298143 2.325087
0.082773 0.100699 0.070868 0.112563 0.983814 0.980252 0.986177 0.977927 0.146408 0.140699 0.149250 0.138200 0.958613 0.949650 0.964566 0.943719 2.200961 2.251748 2.164558 2.282927
0.047689 0.056705 0.036625 0.059459 0.989595 0.987605 0.992122 0.986999 0.186136 0.183107 0.187648 0.181956 0.976155 0.971647 0.981688 0.970270 1.942895 1.970240 1.906955 1.982205
0.083964 0.104865 0.090266 0.131770 0.971200 0.963978 0.969195 0.954753 0.198722 0.191132 0.195217 0.180145 0.958018 0.947661 0.954867 0.934115 1.906742 1.964844 1.928481 2.035283
0.138889 0.240055 0.199735 0.219479 0.965589 0.937858 0.947697 0.943018 0.261164 0.234924 0.244416 0.244219 0.930556 0.883631 0.903660 0.897577 1.955625 2.125796 2.069091 2.085433
0.127171 0.143775 0.134454 0.211355 0.959909 0.954541 0.957920 0.933184 0.168056 0.162597 0.164326 0.141657 0.936415 0.928301 0.932960 0.895358 2.088942 2.127695 2.110706 2.272405
0.160428 0.281910 0.193405 0.187328 0.951608 0.913379 0.942269 0.942140 0.173493 0.138815 0.160821 0.165645 0.919786 0.859045 0.903298 0.907560 2.150299 2.363719 2.223107 2.196140
0.084494 0.134113 0.109810 0.133472 0.983717 0.973853 0.978656 0.973958 0.143767 0.130652 0.136952 0.130828 0.957753 0.932943 0.945095 0.933264 2.210830 2.341855 2.280526 2.338689
0.100000 0.151605 0.064251 0.076543 0.979179 0.968116 0.986959 0.983862 0.166127 0.151969 0.172723 0.171437 0.950000 0.924198 0.967874 0.961728 2.128757 2.255201 2.046073 2.065929
0.105088 0.099378 0.073860 0.144711 0.984301 0.985127 0.989096 0.978352 0.184597 0.187281 0.193741 0.175171 0.947690 0.950548 0.963070 0.927881 2.130876 2.106450 2.040593 2.217999
0.070938 0.128804 0.099090 0.106137 0.982671 0.968321 0.975928 0.973889 0.228886 0.208773 0.217906 0.216395 0.964531 0.936539 0.950642 0.946932 1.874531 2.025572 1.955458 1.969910
0.105462 0.128734 0.118697 0.173434 0.963194 0.955040 0.958871 0.939457 0.204226 0.194027 0.198195 0.179257 0.947269 0.935633 0.940651 0.913377 1.976066 2.037166 2.016073 2.141150
0.069828 0.100198 0.067961 0.085965 0.987936 0.982481 0.988231 0.984968 0.178005 0.170522 0.178973 0.174685 0.965086 0.949901 0.966019 0.957018 2.074162 2.155394 2.066505 2.115227
0.088515 0.109314 0.092577 0.136784 0.963202 0.954443 0.961759 0.943004 0.225386 0.215684 0.221068 0.205290 0.955742 0.945343 0.953711 0.931702 1.846654 1.903445 1.861971 1.972085
0.100350 0.135584 0.078431 0.111433 0.973060 0.963530 0.979170 0.970036 0.209242 0.195492 0.216366 0.205715 0.949825 0.932302 0.960784 0.944284 1.970263 2.057190 1.910589 1.998101
0.083613 0.091378 0.084944 0.137349 0.967252 0.963984 0.966829 0.945867 0.235220 0.230687 0.232207 0.213518 0.958193 0.954405 0.957528 0.932173 1.783697 1.803235 1.790248 1.918847
0.431579 1.091413 0.763158 0.944598 0.932965 0.828856 0.880045 0.851537 0.125772 0.091697 0.094841 0.090699 0.843860 0.747091 0.782763 0.756325 2.689634 3.060783 2.943127 3.016587
0.093996 0.106578 0.091658 0.141484 0.958135 0.952274 0.959575 0.936634 0.246594 0.240654 0.245307 0.225278 0.953494 0.946876 0.954663 0.931392 1.786464 1.820400 1.785745 1.900371
0.128992 0.192642 0.139426 0.172799 0.963157 0.944596 0.960215 0.950323 0.178863 0.157366 0.174706 0.164703 0.935504 0.903679 0.930287 0.914072 2.082293 2.221845 2.108644 2.181027
0.128431 0.154933 0.126050 0.190665 0.960369 0.952083 0.961096 0.941048 0.173324 0.165315 0.174415 0.154970 0.936064 0.922910 0.936975 0.907304 2.100207 2.159845 2.093684 2.237499
0.205797 0.350123 0.218841 0.243457 0.939830 0.897823 0.935723 0.928969 0.160304 0.130562 0.155818 0.154548 0.905354 0.848272 0.897544 0.892634 2.237781 2.460291 2.269533 2.293310
0.098701 0.131240 0.104221 0.144793 0.976064 0.968201 0.974967 0.964898 0.172578 0.163126 0.170304 0.159163 0.950649 0.935262 0.947890 0.927603 2.080858 2.159865 2.097982 2.193170
0.142577 0.189182 0.129622 0.179507 0.957607 0.943667 0.961290 0.946538 0.165166 0.151827 0.171174 0.154953 0.928711 0.906445 0.935376 0.910811 2.145075 2.245109 2.109854 2.225223
0.144538 0.174705 0.164916 0.246875 0.958153 0.949334 0.952366 0.928399 0.162251 0.152451 0.156670 0.136686 0.928291 0.913495 0.919316 0.883553 2.153361 2.222685 2.199532 2.347252
0.189189 0.301745 0.187153 0.224432 0.948676 0.918324 0.949203 0.939253 0.148416 0.123093 0.149138 0.140002 0.908861 0.860637 0.908892 0.892788 2.269563 2.461963 2.267224 2.339546
0.061275 0.082763 0.072059 0.097663 0.986946 0.982087 0.984438 0.978859 0.167713 0.163015 0.166180 0.156824 0.969363 0.958619 0.963971 0.951169 2.044586 2.105103 2.072798 2.148015
0.056723 0.065461 0.048109 0.078384 0.990947 0.989526 0.992365 0.987461 0.147581 0.145323 0.149904 0.142280 0.971639 0.967269 0.975945 0.960808 2.143980 2.171324 2.112975 2.207612
0.058613 0.084104 0.066737 0.084034 0.991281 0.987370 0.989967 0.987380 0.181426 0.174723 0.181012 0.175255 0.970693 0.957948 0.966632 0.957983 2.031902 2.106256 2.055278 2.106096
0.058053 0.062990 0.047479 0.084104 0.993477 0.992921 0.994695 0.990549 0.131831 0.130781 0.134236 0.125783 0.970973 0.968505 0.976261 0.957948 2.219831 2.234665 2.185181 2.299684
0.047899 0.034390 0.027171 0.068710 0.993221 0.995112 0.996193 0.990237 0.263096 0.264487 0.266851 0.259293 0.976050 0.982805 0.986415 0.965645 1.781807 1.740056 1.716563 1.837829
0.041527 0.055787 0.037605 0.051056 0.971038 0.960567 0.973989 0.963852 0.361231 0.354929 0.362308 0.354895 0.979237 0.972106 0.981197 0.974472 1.360019 1.401429 1.349295 1.391709
0.071989 0.098369 0.092507 0.127322 0.985587 0.980142 0.981385 0.974302 0.172611 0.166005 0.167997 0.158180 0.964006 0.950816 0.953746 0.936339 2.069970 2.141781 2.126937 2.216281
0.114241 0.151160 0.095070 0.136084 0.979867 0.973200 0.983597 0.975867 0.164206 0.155204 0.165764 0.156135 0.942879 0.924420 0.952465 0.931958 2.214780 2.299013 2.169945 2.268341
0.070448 0.099075 0.072479 0.097874 0.983578 0.976697 0.983099 0.976979 0.175290 0.166331 0.174260 0.166411 0.964776 0.950463 0.963761 0.951063 2.035611 2.116521 2.042998 2.113486
0.147829 0.243415 0.159804 0.168420 0.959615 0.933449 0.956371 0.953957 0.157968 0.132340 0.153975 0.152271 0.926179 0.881776 0.920191 0.915790 2.195778 2.385429 2.222197 2.241904
0.211068 0.219300 0.036680 0.232286 0.970101 0.968966 0.994962 0.967128 0.405142 0.399632 0.403688 0.390896 0.972876 0.968412 0.981660 0.962498 1.277851 1.303861 1.247090 1.343469
0.089636 0.129087 0.085364 0.109456 0.985576 0.979256 0.986464 0.982410 0.153404 0.142038 0.153529 0.147691 0.955182 0.935551 0.957318 0.945461 2.180841 2.284930 2.172547 2.234375
0.142227 0.171457 0.148810 0.224137 0.957904 0.949068 0.956016 0.933420 0.159611 0.151192 0.157637 0.135995 0.928887 0.914272 0.925782 0.889626 2.162988 2.227949 2.178823 2.333302
0.068959 0.084454 0.062840 0.094234 0.991091 0.989088 0.991945 0.987824 0.138127 0.134226 0.139653 0.131905 0.965521 0.957773 0.968580 0.952883 2.209190 2.253527 2.191144 2.283042
0.165359 0.168230 0.027397 0.180082 0.976099 0.975720 0.996128 0.974010 0.291807 0.290073 0.294982 0.282778 0.975407 0.974006 0.986302 0.968080 1.462231 1.472782 1.411122 1.513407
0.165966 0.273003 0.195798 0.227173 0.940066 0.900494 0.928644 0.917201 0.182655 0.151031 0.171653 0.163222 0.918604 0.869807 0.903501 0.890597 2.074119 2.266905 2.133759 2.190757
0.104692 0.131700 0.113305 0.163830 0.967287 0.958768 0.964336 0.948711 0.211351 0.199271 0.208980 0.192610 0.947654 0.934433 0.943441 0.918273 1.950435 2.020719 1.969848 2.087696
0.114286 0.144073 0.041447 0.111687 0.960842 0.950663 0.986256 0.961754 0.297217 0.280758 0.296878 0.298271 0.975596 0.960739 0.979277 0.976791 1.509089 1.604835 1.488839 1.499579
0.096218 0.142857 0.115266 0.152673 0.979201 0.969144 0.975174 0.967014 0.162842 0.147321 0.156151 0.146329 0.951891 0.928666 0.942367 0.924134 2.148395 2.269564 2.202451 2.291583
0.090966 0.160088 0.120868 0.132759 0.974928 0.955860 0.966980 0.963393 0.174906 0.151516 0.163083 0.159515 0.954517 0.920427 0.939659 0.933621 2.033853 2.207405 2.118140 2.143505
0.111835 0.133183 0.119118 0.178801 0.970644 0.964860 0.968811 0.952829 0.164035 0.158141 0.162218 0.143705 0.944083 0.933409 0.940441 0.910788 2.138541 2.191453 2.160086 2.295883
0.095168 0.177530 0.123669 0.123720 0.968692 0.941153 0.958953 0.958998 0.200859 0.172694 0.191149 0.191054 0.952416 0.911518 0.938165 0.938140 1.982640 2.180565 2.055297 2.055690
0.142507 0.200198 0.176190 0.237907 0.963801 0.948997 0.955106 0.939392 0.147075 0.130772 0.136952 0.122010 0.928746 0.900278 0.912372 0.884530 2.227959 2.353052 2.303498 2.422262
0.076331 0.115529 0.093417 0.118000 0.987943 0.981777 0.985352 0.981386 0.173911 0.161275 0.167690 0.160759 0.961835 0.942236 0.953291 0.941000 2.105317 2.214850 2.157192 2.220367
0.096639 0.120825 0.094468 0.141304 0.978730 0.973335 0.979110 0.968815 0.203233 0.195586 0.205298 0.189900 0.951681 0.939776 0.952766 0.929537 1.992230 2.051424 1.982451 2.099652
0.120378 0.183250 0.129202 0.153450 0.956054 0.932801 0.953335 0.943764 0.196618 0.174993 0.191615 0.183627 0.939811 0.908940 0.935399 0.923275 1.993339 2.135942 2.020731 2.072357
0.085224 0.101617 0.077521 0.120330 0.984943 0.982073 0.986398 0.978768 0.213975 0.208986 0.215820 0.204006 0.957388 0.949191 0.961239 0.939835 2.021194 2.066537 2.001048 2.110794
0.098389 0.146106 0.091597 0.112139 0.966933 0.950658 0.969114 0.962119 0.200983 0.185866 0.205542 0.195570 0.950805 0.927324 0.954202 0.943931 1.985314 2.101941 1.963435 2.021292
0.093627 0.128240 0.099860 0.132688 0.969611 0.957871 0.967321 0.956415 0.187730 0.176292 0.185639 0.174524 0.953186 0.935880 0.950070 0.933656 1.960386 2.045001 1.976093 2.058282
0.058754 0.092084 0.063165 0.069557 0.969613 0.951847 0.967401 0.963586 0.283797 0.269922 0.281571 0.278792 0.970623 0.953958 0.968417 0.965221 1.593326 1.687279 1.608018 1.621372
0.062465 0.080997 0.031863 0.054798 0.992425 0.990171 0.996179 0.993350 0.141327 0.136270 0.147570 0.142745 0.968768 0.959501 0.984069 0.972601 2.195255 2.253631 2.092628 2.170846
0.060294 0.050561 0.034664 0.083963 0.994906 0.995722 0.997087 0.992896 0.144419 0.146591 0.151032 0.139821 0.969853 0.974719 0.982668 0.958019 2.222568 2.190410 2.129044 2.291647
0.035014 0.045477 0.040056 0.058400 0.981571 0.975834 0.978992 0.968993 0.278276 0.272235 0.274318 0.267486 0.982586 0.977638 0.979972 0.970988 1.467918 1.504088 1.491435 1.544510
0.187141 0.198460 0.025218 0.202878 0.976828 0.975483 0.996913 0.974937 0.370997 0.368335 0.378499 0.365627 0.977324 0.972156 0.987391 0.969947 1.266647 1.291047 1.199236 1.304881
0.063235 0.080785 0.069118 0.098510 0.979941 0.974181 0.978085 0.968501 0.208461 0.202159 0.205174 0.194704 0.968382 0.959607 0.965441 0.950745 1.859512 1.911589 1.880321 1.962839
0.101681 0.138903 0.088305 0.123155 0.981702 0.975087 0.984212 0.977911 0.139769 0.130173 0.142878 0.133298 0.949160 0.930643 0.955847 0.938422 2.253829 2.350049 2.218043 2.313814
0.077591 0.119907 0.117157 0.149283 0.959106 0.937023 0.939044 0.921611 0.310379 0.290578 0.291864 0.279492 0.961204 0.940329 0.941702 0.925641 1.608776 1.721604 1.719570 1.788478
0.144118 0.271803 0.198459 0.212697 0.951540 0.908039 0.932896 0.928019 0.183377 0.148930 0.166732 0.161728 0.928408 0.871349 0.902264 0.894781 2.085866 2.324707 2.198072 2.227684
0.114076 0.146106 0.131863 0.190382 0.974924 0.967855 0.970914 0.958115 0.145534 0.136746 0.141104 0.125106 0.942962 0.926947 0.934069 0.905468 2.229262 2.309078 2.273157 2.406230
0.097759 0.174776 0.125700 0.124779 0.961020 0.929956 0.949609 0.949991 0.211095 0.181767 0.199857 0.200107 0.951120 0.912706 0.937150 0.937610 1.904946 2.088463 1.976823 1.975327
0.140966 0.185227 0.159944 0.229998 0.946154 0.929205 0.939514 0.912108 0.198082 0.181567 0.188727 0.166523 0.929610 0.908140 0.920121 0.887261 2.000587 2.098472 2.050209 2.183502
0.185364 0.317139 0.196359 0.214533 0.949401 0.913464 0.946687 0.941463 0.138323 0.111901 0.134472 0.129769 0.909465 0.858026 0.904062 0.894523 2.296847 2.513209 2.324087 2.359438
0.122899 0.138550 0.133894 0.203870 0.931250 0.922245 0.924840 0.885590 0.276455 0.268401 0.269247 0.239737 0.938737 0.930725 0.933240 0.899948 1.734200 1.771425 1.761460 1.904178
0.132983 0.224631 0.149790 0.160158 0.958036 0.928619 0.952621 0.949091 0.182329 0.156011 0.177430 0.174442 0.933602 0.891074 0.925479 0.920392 2.069269 2.256136 2.106866 2.127852
0.113725 0.147306 0.137325 0.193489 0.955334 0.942158 0.946559 0.924032 0.203199 0.192226 0.194053 0.175347 0.943324 0.927006 0.931431 0.905798 1.942575 2.024830 2.006186 2.123207
0.106583 0.171033 0.107493 0.116588 0.939196 0.901827 0.938635 0.933099 0.251366 0.223045 0.248807 0.245894 0.946895 0.915613 0.946347 0.941706 1.742872 1.890303 1.746742 1.767760
0.163235 0.194831 0.160644 0.247440 0.949889 0.939864 0.950293 0.923620 0.159566 0.150002 0.159732 0.137071 0.919036 0.903903 0.920145 0.880894 2.180164 2.243697 2.172413 2.340139
0.139986 0.230351 0.152661 0.164042 0.941671 0.903863 0.936816 0.931556 0.209970 0.178160 0.203403 0.200877 0.930474 0.887649 0.923669 0.918638 1.945017 2.127674 1.977324 1.998289
0.094258 0.140880 0.118487 0.152037 0.956277 0.934441 0.945080 0.929277 0.237233 0.216611 0.225680 0.213620 0.952871 0.929654 0.940756 0.924358 1.806119 1.924131 1.872048 1.949399
0.153782 0.242073 0.159244 0.186569 0.955168 0.929726 0.953923 0.945837 0.160072 0.136026 0.156800 0.148991 0.923576 0.881882 0.920378 0.907186 2.186489 2.364369 2.204889 2.262265
0.147899 0.193560 0.213095 0.311913 0.946517 0.930063 0.923080 0.887302 0.183290 0.170706 0.165745 0.142841 0.926984 0.906421 0.899521 0.861221 2.081278 2.177935 2.212077 2.367687
0.089356 0.155286 0.110224 0.115529 0.975879 0.958060 0.970238 0.968797 0.203302 0.180422 0.195872 0.194478 0.955322 0.923110 0.944888 0.942236 1.971894 2.137170 2.028917 2.040483
0.169048 0.218487 0.194258 0.274910 0.916693 0.891465 0.903850 0.863424 0.214961 0.195495 0.205372 0.182031 0.916690 0.892263 0.904739 0.871660 1.949209 2.043910 1.998555 2.133270
0.113796 0.211708 0.159874 0.168773 0.966256 0.937446 0.952628 0.950130 0.175666 0.145673 0.160250 0.157837 0.943662 0.896688 0.921464 0.917496 2.078692 2.295953 2.189166 2.210089
0.119328 0.137561 0.110364 0.181414 0.963632 0.957909 0.966590 0.944505 0.171748 0.165125 0.174090 0.153535 0.940430 0.931220 0.945005 0.911365 2.084794 2.128980 2.064827 2.225961
0.139744 0.276134 0.191026 0.200526 0.961369 0.920934 0.946135 0.942432 0.164589 0.134968 0.153108 0.147929 0.930983 0.869822 0.907051 0.900614 2.169570 2.405016 2.267667 2.283369
0.096989 0.128734 0.124650 0.176682 0.940323 0.920596 0.923829 0.891005 0.275845 0.261455 0.262855 0.242678 0.951506 0.935916 0.938422 0.914860 1.647861 1.726026 1.718329 1.823612
0.105561 0.187384 0.144522 0.162928 0.978030 0.960880 0.969782 0.966001 0.147550 0.126622 0.136554 0.132099 0.947441 0.909231 0.929071 0.920560 2.204062 2.388484 2.296804 2.338789
0.056670 0.074390 0.072217 0.101154 0.987159 0.982917 0.983535 0.976775 0.212227 0.207701 0.207418 0.198753 0.971665 0.962805 0.963891 0.949423 1.900148 1.947953 1.946358 2.024220
0.077661 0.139679 0.102031 0.100770 0.976316 0.957024 0.968632 0.968993 0.203260 0.179305 0.193559 0.195301 0.961169 0.930160 0.948985 0.949615 1.956004 2.119186 2.023461 2.018146
0.063585 0.084034 0.061555 0.083257 0.973321 0.964771 0.974539 0.965119 0.235954 0.225471 0.234590 0.228758 0.968861 0.959301 0.970063 0.959972 1.735019 1.796903 1.733822 1.789601
0.056443 0.070475 0.056933 0.084316 0.974331 0.968036 0.974500 0.961758 0.275422 0.269459 0.271978 0.262558 0.972806 0.966610 0.972543 0.959596 1.586360 1.627450 1.596295 1.669868
0.064146 0.091166 0.067297 0.089965 0.989172 0.984493 0.988561 0.984696 0.144690 0.137423 0.144110 0.137695 0.967927 0.954417 0.966352 0.955017 2.151087 2.232009 2.159546 2.225847
0.064216 0.086505 0.064916 0.089400 0.990630 0.987282 0.990471 0.986858 0.141789 0.136803 0.142728 0.135563 0.967892 0.956747 0.967542 0.955300 2.161489 2.224142 2.158954 2.233281
0.104552 0.125909 0.123319 0.177389 0.969587 0.963294 0.964304 0.948292 0.174393 0.167387 0.167695 0.151204 0.947724 0.937045 0.938340 0.911588 2.057915 2.113198 2.109630 2.231563
0.125280 0.200339 0.110924 0.117647 0.976734 0.962878 0.979616 0.978204 0.128665 0.109361 0.131626 0.130626 0.937360 0.899925 0.944538 0.941176 2.346151 2.516541 2.311837 2.327045
